a 100 400 800 1600
b 100 400 800 2400
c 100 400 800 4000
d 100 400 1200 1600
e 100 400 1200 2400
f 100 400 1200 4000
g 100 400 2000 1600
h 100 400 2000 2400
i 100 400 2000 4000
j 100 600 800 1600
k 100 600 800 2400
l 100 600 800 4000
m 100 600 1200 1600
n 100 600 1200 2400
o 100 600 1200 4000
p 100 600 2000 1600
q 100 600 2000 2400
r 100 600 2000 4000
s 100 1000 800 1600
t 100 1000 800 2400
u 100 1000 800 4000
v 100 1000 1200 1600
w 100 1000 1200 2400
x 100 1000 1200 4000
y 100 1000 2000 1600
z 100 1000 2000 2400
A 200 400 800 1600
B 200 400 800 2400
C 200 400 800 4000
D 200 400 1200 1600
E 200 400 1200 2400
F 200 400 1200 4000
G 200 400 2000 1600
H 200 400 2000 2400
I 200 400 2000 4000
J 200 600 800 1600
K 200 600 800 2400
L 200 600 800 4000
M 200 600 1200 1600
N 200 600 1200 2400
O 200 600 1200 4000
P 200 600 2000 1600
Q 200 600 2000 2400
R 200 600 2000 4000
S 200 1000 800 1600
T 200 1000 800 2400
U 200 1000 800 4000
V 200 1000 1200 1600
W 200 1000 1200 2400
X 200 1000 1200 4000
Y 200 1000 2000 1600
Z 200 1000 2000 2400
space 100 1000 2000 4000